# Created by Octave 3.2.4, Wed Jul 10 17:54:10 2013 UYT <patty@pattydam-laptop>
# name: tobIZQ
# type: matrix
# rows: 57
# columns: 1

 108.8880612842577,  108.2441823034163,  107.5839976873114,  106.9271140275009, 106.3127399717629, 105.813247589287, 105.5170796191161, 105.4652624352428, 105.58828300463, 105.7319652402544, 105.8195394181351, 105.9575592162489, 106.2221819047578, 106.4918235998237, 106.5668581680778, 106.3096998532735, 105.7142106931739, 104.9258713808842, 104.1944016529564, 103.7822569194421, 103.8366772141946, 104.2502505717218, 104.7127904301743, 104.9582917585397, 104.8472871430913, 104.2075994625946, 102.8447426022098, 100.8622428701039, 98.76889119020763, 97.10365798914917, 96.04764314510714, 95.43966107682347, 95.08556130008992, 94.95506367442675, 95.07817135358252, 95.34348371855047, 95.46185188911051, 95.16115228578776, 94.41458492169731, 93.41008001957519, 92.31783530989703, 91.20272125129398, 90.1652991855927, 89.46204801729546, 89.41239019365952, 90.21334446924247, 91.89613887336048, 94.45376130661047, 97.99735969279033, 102.7617587075939, 108.7072706057805, 114.8228388252166, 119.1890470989085, 120.2057402975197, 117.6305243430866, 112.9539984565639, 109.0553666595243,


# name: rodIZQ
# type: matrix
# rows: 57
# columns: 1
 103.3442564635671, 103.4700893604482, 103.7727154421756, 104.3456928694319, 105.3343470394194, 106.9732121549355, 109.6271146002103, 113.7812436932816, 119.8467403831764, 127.6427651192389, 136.0030377615223, 143.5576765689042, 149.8415809446355, 155.0769838028895, 159.4471197205436, 162.8093382247915, 164.8018806342181, 165.1414653197376, 163.9155953892795, 161.6396107388366, 158.9990075265206, 156.4950659983592, 154.3217565218735, 152.4948055674035, 150.9677379165379, 149.6560490261107, 148.5360067880646, 147.8009779955496, 147.8144004087617, 148.7898534766773, 150.4969828182749, 152.3435502415842, 153.8291854136046, 154.9337219773246, 156.0351409219606, 157.4800789571467, 159.2658218650785, 161.070230961052, 162.4791242952564, 163.1699706403697, 162.9838955179858, 161.9481511057253, 160.2654438023965, 158.2087914850266, 155.9505290593871, 153.4799856029541, 150.6512102641424, 147.2425618022295, 143.0138200919116, 137.8596548257813, 131.9912291357124, 125.9271088280634, 120.2477451764433, 115.3531986722106, 111.4541367777477, 108.7323073187118, 107.4436678182667

# name: cadIZQ
# type: matrix
# rows: 57
# columns: 1

 160.3405757740941, 160.0483928242012, 159.718788260206, 159.3549772392398, 158.9624503163585, 158.5441199968649, 158.0921374333452, 157.5828364681954, 156.9982489538532, 156.4063711553857, 156.051405733268, 156.2532066495122, 157.08999235761, 158.2737403708286, 159.3832831963419, 160.1285426652907, 160.4527113062739, 160.5212005664234, 160.6222532543884, 160.9828944779043, 161.6264656552601, 162.3919519409871, 163.0640518184942, 163.4958979327537, 163.667849676463, 163.6916186696673, 163.7783574561317, 164.1733246547903, 165.0742871597065, 166.5479242760456, 168.4481829969073, 170.4226386957434, 172.1116033623366, 173.41523954283, 174.5492341039434, 175.8341292782796, 177.4448680493023, 179.3266994358477, 181.2689532041844, 183.0168002907293, 184.3650337904029, 185.2411729341962, 185.7419387810067, 186.063537503874, 186.3668680415255, 186.6934077376485, 186.9632850672231, 186.9958634813232, 186.5460223851539, 185.4076385383254, 183.5507068293402, 181.1609969323931, 178.5050289231432, 175.7299036001718, 172.8162354060114, 169.7331129863557, 166.6122941475761

# name: homIZQ,
# type: matrix
# rows: 57
# columns: 1

 13.19406682667959, 13.26935109823979, 13.42006364444384, 13.68029713675935, 14.09337068955072, 14.71659000633349, 15.62829409825128, 16.92068475354689, 18.64301790834815, 20.67538049241524, 22.64808912105225, 24.16940080923494, 25.21328107393301, 26.07180992988619, 27.00547663906984, 28.08580006970992, 29.21779634062759, 30.20710607819693, 30.86097518180626, 31.09484719621922, 30.95893946660259, 30.55734127991727, 29.96138143947834, 29.20508495055056, 28.31068587084732, 27.28542311207367, 26.1031202492135, 24.69664265513098, 22.99885145763202, 21.02626477272542, 18.91480375554735, 16.84841478994881, 14.93797865031913, 13.16710684054805, 11.45602335202243, 9.766331340333204, 8.133050080854055, 6.601277386867615, 5.158353642275115, 3.767212909318263, 2.463527393150931, 1.378848957486517, 0.6741308718789497, 0.4658235869013272, 0.7705087204804503, 1.492538209082785, 2.492345137277816, 3.675879951241495, 5.010571138783577, 6.487343461580593, 8.094236626156414, 9.789079191697217, 11.45795037425654, 12.91579590392064, 13.98540935643197, 14.6131069369042, 14.93761980609455

# name: codIZQ
# type: matrix
# rows: 57
# columns: 1

 136.3335665530288, 136.6811726293283, 137.0851154552258, 137.5690650656508, 138.1764659073806, 138.9712057777067, 140.0226917435289, 141.3745775129728, 142.9991988301903, 144.7274785003096, 146.1997617835748, 147.0371879607946, 147.1944185706816, 146.9798948024275, 146.7353616457949, 146.623858115516, 146.6171931752905, 146.5973075257575, 146.5149253131553, 146.4578821947185, 146.5338500908897, 146.7476515213788, 147.0017138502271, 147.1149842150671, 146.8655497193915, 146.1281849714341, 144.9947230505198, 143.7414127476825, 142.6673381594368, 141.9317204466501, 141.4885127739871, 141.1357989539183, 140.6532211277537, 139.9477267119902, 139.0856478138475, 138.1777692873487, 137.2698411947051, 136.3900386758399, 135.6376840170814, 135.1046894055572, 134.72099602057, 134.2821782573246, 133.6265389533136, 132.738583798279,131.7418830572604, 130.8289788223735, 130.1332146632068, 129.6504418037293, 129.3126437710025, 129.0911883251296, 128.9942722362133, 129.0503147401412, 129.3543206127062, 130.0696571057985, 131.3300203923662, 133.1258572614872, 135.2585276186731

# Created by Octave 3.2.4, Wed Jul 10 17:54:10 2013 UYT <patty@pattydam-laptop>
# name: tobDER
# type: matrix
# rows: 57
# columns: 1
 95.61582052908075, 95.65119454874024, 95.5984113978611, 95.45164639175356, 95.22559514789724, 94.93812265616884, 94.57492294659441, 94.07885114327387, 93.41406080184815, 92.68031785191104, 92.11800551441694, 91.87060521774664, 91.80173246081969, 91.70373995020086, 91.52588205568887, 91.32576453084602, 91.12600018640653, 90.86615576589304, 90.54719050275439, 90.41825594521555, 90.90961875839322, 92.41965459666804, 95.23212560661749, 99.44108485913475, 104.6317029727236, 109.6326875374181, 113.0461570700667, 114.2462705927577, 113.7269538145393, 112.6275352940777, 112.04174595675, 112.5735603068002, 114.1099174313259, 115.6082579713665, 115.2930277151785, 112.1497769776645, 107.7981307349187, 105.042086003715, 104.7430548395228, 105.8477636639926, 106.87936045759, 106.8847697727609, 105.8393353234152, 104.4577992531807,  103.4711518670009, 103.1374888474591, 103.3607744272528,  103.9691654837471, 104.8296967751942, 105.7816877548587, 106.505118797468, 106.5522462843528, 105.6307602648074, 103.8898950440933, 101.8761656794372, 100.1817633273363, 99.11549295107815

